# Just wide data with \r\n
# Solution: -75359.4043  3932950.6078  -56715807.3215  358886419.5002  -1159200690.8103  2000559371.8266  -1877105898.3692  
# 1396785824.9995  #-2046085292.8137  2664101243.1343  -1677500821.5579  392383552.2631  
   12  13
   1.0000000e+00   5.0000000e-01   3.3333333e-01   2.5000000e-01   2.0000000e-01   1.6666667e-01   1.4285714e-01   1.2500000e-01   1.1111111e-01   1.0000000e-01   9.0909091e-02   8.3333333e-02   1
   5.0000000e-01   3.3333333e-01   2.5000000e-01   2.0000000e-01   1.6666667e-01   1.4285714e-01   1.2500000e-01   1.1111111e-01   1.0000000e-01   9.0909091e-02   8.3333333e-02   7.6923077e-02   2
   3.3333333e-01   2.5000000e-01   2.0000000e-01   1.6666667e-01   1.4285714e-01   1.2500000e-01   1.1111111e-01   1.0000000e-01   9.0909091e-02   8.3333333e-02   7.6923077e-02   7.1428571e-02   3
   2.5000000e-01   2.0000000e-01   1.6666667e-01   1.4285714e-01   1.2500000e-01   1.1111111e-01   1.0000000e-01   9.0909091e-02   8.3333333e-02   7.6923077e-02   7.1428571e-02   6.6666667e-02   4
   2.0000000e-01   1.6666667e-01   1.4285714e-01   1.2500000e-01   1.1111111e-01   1.0000000e-01   9.0909091e-02   8.3333333e-02   7.6923077e-02   7.1428571e-02   6.6666667e-02   6.2500000e-02   5
   1.6666667e-01   1.4285714e-01   1.2500000e-01   1.1111111e-01   1.0000000e-01   9.0909091e-02   8.3333333e-02   7.6923077e-02   7.1428571e-02   6.6666667e-02   6.2500000e-02   5.8823529e-02   6
   1.4285714e-01   1.2500000e-01   1.1111111e-01   1.0000000e-01   9.0909091e-02   8.3333333e-02   7.6923077e-02   7.1428571e-02   6.6666667e-02   6.2500000e-02   5.8823529e-02   5.5555556e-02   1
   1.2500000e-01   1.1111111e-01   1.0000000e-01   9.0909091e-02   8.3333333e-02   7.6923077e-02   7.1428571e-02   6.6666667e-02   6.2500000e-02   5.8823529e-02   5.5555556e-02   5.2631579e-02   2
   1.1111111e-01   1.0000000e-01   9.0909091e-02   8.3333333e-02   7.6923077e-02   7.1428571e-02   6.6666667e-02   6.2500000e-02   5.8823529e-02   5.5555556e-02   5.2631579e-02   5.0000000e-02   3
   1.0000000e-01   9.0909091e-02   8.3333333e-02   7.6923077e-02   7.1428571e-02   6.6666667e-02   6.2500000e-02   5.8823529e-02   5.5555556e-02   5.2631579e-02   5.0000000e-02   4.7619048e-02   4
   9.0909091e-02   8.3333333e-02   7.6923077e-02   7.1428571e-02   6.6666667e-02   6.2500000e-02   5.8823529e-02   5.5555556e-02   5.2631579e-02   5.0000000e-02   4.7619048e-02   4.5454545e-02   5
   8.3333333e-02   7.6923077e-02   7.1428571e-02   6.6666667e-02   6.2500000e-02   5.8823529e-02   5.5555556e-02   5.2631579e-02   5.0000000e-02   4.7619048e-02   4.5454545e-02   4.3478261e-02   6
